c<-45L
c